  -112.710268      31.208885
  -113.091021      31.277171
  -118.875905      34.605882
  -124.183660      40.349891
  -124.329078      42.894705
  -124.419167      48.012727
  -128.194175      50.673798
  -132.897463      53.829952
  -136.228908      57.887428
  -143.833405      60.085693
  -151.730040      59.316540
  -152.294086      57.419296
  -153.678561      56.906528
  -156.550064      57.214189
  -168.805232      52.958210
  -157.370494      58.342280
  -161.626473      58.649941
  -167.266926      60.136970
  -166.036263      61.581194
  -167.911890      65.634968
  -166.677756      68.339307
  -156.582488      71.282259
  -145.181715      69.933780
  -135.634318      68.851560
  -127.674216      70.227594
  -126.046640      71.753447
  -124.520787      73.991364
  -122.775663      75.983371
  -109.296845      78.526545
  -105.400063      79.305380
  -100.126136      79.976053
  -98.815275      80.128479
  -96.711801      80.006538
  -94.151051      81.286913
  -87.627233      80.372360
  -87.566263      80.555270
  -91.834181      81.561280
  -72.138655      83.150854
  -61.090362      82.342442
  -61.898773      81.702450
  -41.398191      83.340098
  -34.765433      83.598891
  -25.487241      83.388023
  -19.791156      82.584998
  -19.502740      82.008166
  -17.731042      82.090570
  -11.715507      81.472536
  -11.468294      81.266525
  -17.277817      79.824444
  -17.360221      75.003777
  -20.367988      73.850112
  -22.098484      72.984864
  -21.562855      70.677536
  -22.351686      69.957350
  -32.073955      67.971080
  -35.941955      65.984810
  -39.496332      65.200756
  -40.175846      64.364432
  -43.312062      59.973730
  -47.807304      60.757784
  -53.072346      65.714833
  -54.439774      69.517994
  -55.465346      71.483673
  -58.642585      75.225898
  -66.609370      75.874358
  -72.445504      77.310232
  -75.838927      77.806963
  -77.638540      77.533109
  -77.716784      76.711547
  -79.320787      74.755445
  -76.223954      72.919807
  -67.430885      69.988784
  -61.381753      66.683588
  -64.125689      63.378392
  -64.644843      60.412288
  -61.257706      56.004929
  -55.812154      53.436510
  -55.449294      51.319826
  -56.175014      50.049815
  -54.179283      49.505525
  -52.606889      47.570271
  -53.090703      46.663121
  -59.924569      45.937400
  -65.186041      43.457856
  -70.084653      43.820716
  -70.084653      41.522602
  -73.955161      40.252591
  -76.495182      34.991119
  -80.849504      32.269668
  -81.370355      31.062326
  -80.015361      26.891822
  -80.320020      25.063868
  -81.040123      25.063868
  -82.812684      27.805799
  -82.729596      28.858258
  -83.920535      29.993805
  -85.333045      29.606057
  -89.321309      30.270768
  -89.016650      28.996739
  -93.420358      29.772235
  -96.605429      28.470510
  -97.901912      24.851690
  -100.480160      25.801832
  -100.903666      25.778304
  -103.044729      25.613607
  -106.573954      27.542916
  -111.003649      29.676342
  -111.808589      30.540469
  -112.710268      31.208885
>