  130.959150      -11.595383
  142.501837      -11.234168
  146.273979      -19.155666
  152.724341      -25.492865
  149.784137      -37.181740
  148.082721      -41.287081
  147.811817      -42.573873
  146.321848      -43.251132
  144.899604      -41.422533
  143.466676      -38.581672
  139.833640      -37.101547
  135.706830      -34.565269
  123.365529      -33.447950
  115.290356      -33.955822
  114.026464      -26.776549
  113.915931      -22.319730
  121.618174      -19.538365
  122.634442      -17.184902
  126.954401      -13.870528
  130.959150      -11.595383
>