  -84.907177      21.856096
  -84.030698      22.688581
  -83.111174      22.979509
  -82.270953      23.161821
  -80.669775      23.066701
  -78.726289      26.530906
  -77.550484      26.870861
  -76.713207      25.494594
  -76.106883      25.154461
  -75.293520      24.148849
  -73.873833      22.758739
  -72.778538      22.319671
  -71.488864      21.677926
  -67.050470      18.422360
  -65.638892      18.385213
  -61.812772      17.122222
  -61.170354      16.246221
  -60.807627      14.445542
  -60.872400      13.797816
  -61.610808      11.997138
  -61.792171      11.984183
  -61.105581      13.875543
  -61.481262      15.507813
  -61.805125      16.272130
  -62.245579      16.725538
  -62.711604      17.244980
  -64.895666      17.676045
  -67.151572      17.949053
  -68.602824      18.092741
  -70.546150      18.203892
  -72.809069      18.692643
  -73.302708      18.912581
  -73.689263      18.513285
  -74.446902      18.474721
  -76.873348      18.391766
  -76.788950      18.259338
  -76.343992      18.151105
  -76.187655      17.904574
  -77.179793      17.694120
  -77.738997      17.844444
  -78.382384      18.235286
  -78.226047      18.457766
  -77.859257      18.523908
  -77.655166      18.830441
  -77.725676      19.845794
  -82.931011      21.448060
  -84.907177      21.856096
>