  10.899222      79.478087
  19.785633      80.375412
  22.882851      80.404358
  26.732664      80.057007
  45.494270      80.569415
  58.188100      81.724991
  63.563281      81.637447
  65.296645      80.972115
  76.821977      79.540464
  79.661788      80.880272
  90.773455      81.156971
  95.610001      81.234282
  102.535394      79.353139
  105.294404      78.698223
  113.777576      75.799641
  105.064578      72.861197
  105.532390      72.437243
  108.268577      73.038689
  111.079471      73.539856
  112.103595      74.389661
  113.193088      74.411451
  118.270128      73.452697
  118.313708      73.038689
  123.303589      72.690051
  123.608647      73.387327
  128.805883      72.740699
  135.899684      75.512240
  138.941476      76.080487
  143.955417      75.645945
  150.339836      74.977420
  159.164374      70.598577
  171.214244      69.630474
  -171.269274      66.298310
  -173.497256      64.496956
  179.860968      65.169903
  175.216371      64.972785
  175.182801      64.418880
  178.657296      63.781050
  179.429406      62.706810
  170.298366      60.021210
  169.509471      60.642255
  161.704446      57.939870
  162.375846      56.395650
  161.692994      54.842463
  156.916031      51.519221
  155.775176      55.671535
  165.840008      62.517894
  162.984471      62.840114
  160.679036      60.936102
  160.607908      62.145284
  156.831336      61.653628
  155.022252      59.258475
  151.502942      58.965890
  143.481597      59.563755
  134.871729      54.910017
  142.734588      54.172580
  145.293714      44.228286
  150.227367      46.183761
  150.526334      46.211241
  149.651663      45.631072
  148.824113      45.345405
  146.936796      44.502752
  145.497641      43.768686
  145.421992      43.211320
  140.242558      35.297673
  120.955462      22.823979
  122.023241      18.028307
  121.422255      14.699766
  124.287644      13.796325
  126.493934       7.683063
  124.977350       1.427581
  124.420734       0.484839
  124.641064      -1.828621
  127.725676      -1.608291
  128.423386       2.284196
  131.030619      -0.212871
  132.530015      -0.485395
  144.072866      -4.199378
  149.291694      -9.804787
  141.237947      -8.902767
  124.228431      -9.998077
  120.275536      -9.972734
  107.001379      -7.258687
  95.651727       5.028544
  98.533112       8.594116
  97.394066      17.279343
  95.241635      16.242911
  91.492399      23.071875
  86.466555      21.663326
  80.991810      16.601770
  79.235760      11.023728
  81.301701       7.201736
  77.169818       8.441301
  70.971994      21.663326
  65.315433      25.810053
  56.049034      18.714162
  43.806374      12.881902
  32.964508      30.335936
  36.076892      37.128022
  14.055989      37.436726
   9.116721      42.067290
   9.528327      44.434022
   6.029679      44.331121
   2.428129      41.758585
  -0.658913      38.568642
  -5.392378      36.407712
  -8.273618      37.539627
  -8.582322      42.890501
  -1.244175      43.121284
  -3.825060      48.283053
  -9.221455      51.802442
  -6.509241      58.268689
   5.469320      61.749958
  13.731460      68.187850
  19.101414      69.977835
  19.033660      74.432636
  15.851437      76.876129
  10.737150      78.789251
  10.899222      79.478087
>