  -112.977198      31.105637
  -111.117983      29.551667
  -106.678068      27.303960
  -104.919917      26.222377
  -102.973241      25.363550
  -100.928724      25.429895
  -100.582751      25.667751
  -98.377178      24.889313
  -97.960331      24.158198
  -96.695227      19.413956
  -94.087958      17.971637
  -90.870476      19.136587
  -90.482160      21.189118
  -86.931836      21.521961
  -88.651524      15.974580
  -84.380040      15.808158
  -83.048669      14.476787
  -83.749190      10.902238
  -82.481607       9.431334
  -82.203620       8.922299
  -82.168879       8.129083
  -82.876104       8.148728
  -85.665711       9.916789
  -85.921097      11.213367
  -88.474963      13.099298
  -91.303860      13.924393
  -93.680920      15.771035
  -95.154304      16.144292
  -96.397263      15.615145
  -103.595276      18.291330
  -105.579344      20.275397
  -105.182474      21.418635
  -109.309025      25.659812
  -110.569915      27.665774
  -112.518564      28.697412
  -112.977198      31.105637
>