  -5.908602      35.739710
  -9.156327      32.449639
  -9.534780      30.131618
  -12.940852      27.718983
  -16.867668      21.354172
  -17.101011      14.749794
  -16.400043      12.339380
  -12.269184       7.426273
  -7.636389       4.474735
  -4.451831       5.358658
  -1.978099       4.863911
   0.813685       5.888743
   4.736318       6.312812
   6.028723       4.513106
  10.027036       3.419513
   8.997587      -0.856384
  13.229041      -9.185282
  11.983160      -18.011841
  16.159554      -28.067512
  18.220234      -33.125547
  19.718911      -34.717891
  26.837626      -33.406549
  30.524596      -30.521285
  32.296144      -28.547275
  32.878223      -26.294879
  32.498606      -26.041801
  33.105994      -25.257259
  35.130619      -24.498024
  34.948438      -20.922751
  36.985327      -17.708994
  39.067479      -16.848975
  40.742254      -14.676294
  40.425404      -10.647782
  39.606350      -9.934629
  39.492921      -7.053529
  38.676231      -6.146095
  40.116080      -3.007621
  41.794113      -1.143140
  44.255228       1.317975
  45.951323       2.442557
  49.736803       7.694501
  50.791132       9.469083
  51.237143      11.786402
  50.800828      11.941537
  49.588841      11.417958
  46.529438      10.653412
  45.830889      10.811575
  44.319285      10.371804
  43.150356      11.563212
  43.386390      12.158916
  37.881472      18.502662
  36.673163      21.995091
  32.337585      29.542010
  32.200069      31.093975
  30.392718      31.427942
  29.096140      30.701072
  21.716527      32.768765
  19.553851      30.266845
  10.479091      33.489657
  10.802146      36.670783
  -5.908602      35.739710
>