  -71.619374      12.386697
  -76.695624       8.668880
  -77.629841       6.921645
  -77.288230       3.402609
  -80.073932       0.715824
  -80.919485      -2.384535
  -81.163243      -6.107286
  -76.318846      -13.971783
  -70.263524      -18.495875
  -73.330605      -37.243423
  -75.524540      -46.872363
  -74.671343      -52.966628
  -67.419167      -56.013760
  -66.444085      -54.551137
  -69.186504      -51.138348
  -62.187754      -40.833259
  -56.550460      -36.861529
  -48.520459      -28.399204
  -48.520459      -25.438326
  -40.953770      -22.107338
  -38.774235      -13.060211
  -34.813367      -7.843530
  -35.402124      -5.244974
  -50.259119       0.354785
  -49.811282       1.410906
  -51.224204       4.236749
  -60.054963       8.546159
  -61.255946      10.312311
  -71.619374      12.386697
>